171
32
158
36
33
34
35
157
31
30
28
27
29
22
26
23
24
25
150
149
161
160
151
7
8
9
2
3
4
5
133
169
112
164
130
135
146
145
144
143
142
134
113
115
116
117
118
119
120
122
123
162
121
124
128
131
132
111
110
109
107
106
105
97
165
104
114
127
126
125
129
136
137
148
147
138
139
140
141
6
152
14
15
159
16
21
20
37
49
50
59
60
66
63
65
64
56
55
54
58
57
62
61
68
67
69
167
70
87
92
91
154
89
90
88
153
85
86
93
108
166
94
96
101
100
102
103
163
99
98
95
83
84
71
51
52
53
43
44
45
39
38
40
156
155
41
42
46
47
48
170
168
72
78
82
79
80
81
0
1
77
73
11
10
76
74
75
12
13
17
18
19
56
57
62
68
167
70
85
86
93
166
108
83
84
71
60
50
51
59
61
66
63
64
55
54
58
73
77
5
134
6
7
8
14
15
159
16
17
18
19
20
37
49
170
38
39
40
156
34
35
33
31
32
158
36
157
155
41
42
45
46
47
52
53
43
44
48
168
72
78
82
79
80
81
0
1
2
3
4
9
10
76
74
75
11
12
13
21
29
30
28
27
26
23
22
24
25
150
149
148
161
160
151
152
142
141
131
132
133
169
111
112
113
115
116
117
118
103
104
164
127
126
125
119
120
121
124
129
146
145
144
143
147
137
136
128
130
135
138
139
140
110
114
109
107
106
105
97
95
96
165
163
99
100
102
162
123
122
101
98
94
92
91
154
89
90
88
153
87
69
67
32
