171
107
106
105
97
165
104
137
136
128
130
135
138
139
140
141
6
7
14
13
21
37
50
49
170
168
72
73
77
78
82
79
80
81
0
1
2
3
4
5
169
111
112
132
133
134
131
115
116
117
118
119
120
121
122
123
162
101
100
102
103
163
99
98
95
96
114
110
109
113
164
127
126
125
124
129
146
145
144
143
147
148
149
161
152
142
151
159
16
17
19
20
29
30
28
27
26
22
23
24
15
25
150
160
8
9
10
76
74
75
11
12
18
32
158
36
157
33
31
40
39
38
35
34
156
155
41
42
44
45
46
47
48
51
52
53
43
55
54
58
59
60
68
67
69
85
86
166
108
93
92
94
91
154
89
90
88
153
83
84
71
66
63
64
65
56
57
62
61
167
70
87
107
